	RGB 31,31,31,  5,27,20,  6,22, 3, 00,00,00 ; PAL_ICON_01
	RGB 31,31,31,  5,27,20, 31, 9,16, 00,00,00 ; PAL_ICON_02
	RGB 31,31,31, 31,29,24, 31,24,13, 00,00,00 ; PAL_ICON_03
	RGB 31,31,31, 31,31,30, 27,14, 7, 00,00,00 ; PAL_ICON_04
	RGB 31,31,31, 31,29,24, 20,29,29, 00,00,00 ; PAL_ICON_05
	RGB 31,31,31, 11,15,23, 23,23,23, 00,00,00 ; PAL_ICON_06
	RGB 31,31,31, 31,31,30, 24,23,31, 00,00,00 ; PAL_ICON_07
	RGB 31,31,31, 31,29,24, 13,20,29, 00,00,00 ; PAL_ICON_08
	RGB 31,31,31, 31,31,30, 29,16,22, 00,00,00 ; PAL_ICON_09
	RGB 31,31,31, 31,31,27, 21,14, 7, 00,00,00 ; PAL_ICON_10
	RGB 31,31,31, 31,28,21, 21, 8, 8, 00,00,00 ; PAL_ICON_11
	RGB 31,31,31, 31,31,30, 26,20,28, 00,00,00 ; PAL_ICON_12
	RGB 31,31,31, 31,31,30, 16,16,18, 00,00,00 ; PAL_ICON_13
	RGB 31,31,31, 31,31,30, 26,19,15, 00,00,00 ; PAL_ICON_14
	RGB 31,31,31, 31,26,11, 26,20,28, 00,00,00 ; PAL_ICON_15
	RGB 31,31,31, 31,31,30, 31,26,10, 00,00,00 ; PAL_ICON_16
	RGB 31,31,31, 31,31,30, 30,28,23, 00,00,00 ; PAL_ICON_17
	RGB 31,31,31, 31,31,30, 22,26,30, 00,00,00 ; PAL_ICON_18
	RGB 31,31,31, 31,31,30, 31,20,10, 00,00,00 ; PAL_ICON_19
	RGB 31,31,31, 31,31,30, 29,18,13, 00,00,00 ; PAL_ICON_20
	RGB 31,31,31, 31,31,30, 24,19,26, 00,00,00 ; PAL_ICON_21
	RGB 31,31,31, 10,15,13, 24,19,26, 00,00,00 ; PAL_ICON_22
	RGB 31,31,31, 31,30,29, 30,26,26, 00,00,00 ; PAL_ICON_23
	RGB 31,31,31, 31,31,29, 30,26,23, 00,00,00 ; PAL_ICON_24
	RGB 31,31,31, 31,31,30, 27,23,14, 00,00,00 ; PAL_ICON_25
	RGB 31,31,31, 31,29,29,  4,28,31, 00,00,00 ; PAL_ICON_26
	RGB 31,31,31, 31,31,30, 16,14,19, 00,00,00 ; PAL_ICON_27
	RGB 31,31,31, 31,31,29, 29,23,16, 00,00,00 ; PAL_ICON_28
	RGB 31,31,31, 31,31,30, 17, 8, 4, 00,00,00 ; PAL_ICON_29
	RGB 31,31,31, 31,29, 0, 13,23,31, 00,00,00 ; PAL_ICON_30
	RGB 31,31,31, 11,15,25, 19,26,16, 00,00,00 ; PAL_ICON_31
	RGB 31,31,31, 31,31,29, 30,20,14, 00,00,00 ; PAL_ICON_32
	RGB 31,31,31, 30,29,25, 23,11,10, 00,00,00 ; PAL_ICON_33
	RGB 31,31,31, 31,31,30, 11,13,17, 00,00,00 ; PAL_ICON_34
	RGB 31,31,31, 31,31,30, 10,16, 9, 00,00,00 ; PAL_ICON_35
	RGB 31,31,31, 23,21,19, 16,21,21, 00,00,00 ; PAL_ICON_36
	RGB 31,31,31, 28,25,20, 18,21,14, 00,00,00 ; PAL_ICON_37
	RGB 31,31,31, 17,12, 9, 27, 6, 3, 00,00,00 ; PAL_ICON_38
	RGB 31,31,31, 29,30,31, 24,20,30, 00,00,00 ; PAL_ICON_39
	RGB 31,31,31, 31,30,28, 27,19,20, 00,00,00 ; PAL_ICON_40
	RGB 31,31,31, 31,30,28, 30,22,28, 00,00,00 ; PAL_ICON_41
	RGB 31,31,31, 30,31,31, 18,22,20, 00,00,00 ; PAL_ICON_42
	RGB 31,31,31, 31,31,30, 30,26,16, 00,00,00 ; PAL_ICON_43
	RGB 31,31,31, 31,30,28, 30,22,24, 00,00,00 ; PAL_ICON_44
	RGB 31,31,31, 31,31,30, 27,19,20, 00,00,00 ; PAL_ICON_45
	RGB 31,31,31, 31,31,30, 20,29,29, 00,00,00 ; PAL_ICON_46
	RGB 31,31,31, 31,31,30, 19,21,26, 00,00,00 ; PAL_ICON_47
	RGB 31,31,31, 31,31,30,  9,20,11, 00,00,00 ; PAL_ICON_48
	RGB 31,31,31, 30,30,29, 21,13,12, 00,00,00 ; PAL_ICON_49
	RGB 31,31,31, 30,30,29, 13,12,19, 00,00,00 ; PAL_ICON_50
	RGB 31,31,31, 30,30,29, 18,12, 9, 00,00,00 ; PAL_ICON_51
	RGB 31,31,31, 30,30,29, 23,25,19, 00,00,00 ; PAL_ICON_52
	RGB 31,31,31, 31,31,30, 21,16,24, 00,00,00 ; PAL_ICON_53
	RGB 31,31,31, 31,31,30, 18,21,14, 00,00,00 ; PAL_ICON_54
	RGB 31,31,31, 28,28,27, 19,20,20, 00,00,00 ; PAL_ICON_55
	RGB 31,31,31, 31,31,29, 10,21,12, 00,00,00 ; PAL_ICON_56
	RGB 31,31,31, 31,31,30, 16,16,15, 00,00,00 ; PAL_ICON_57
	RGB 31,31,31, 31,29,24, 17,26,30, 00,00,00 ; PAL_ICON_58
	RGB 31,31,31, 31,31,30, 11,15,23, 00,00,00 ; PAL_ICON_59
	RGB 31,31,31, 31,31,30, 26,15, 9, 00,00,00 ; PAL_ICON_60
	RGB 31,31,31, 31,28,20, 20,12,17, 00,00,00 ; PAL_ICON_61
	RGB 31,31,31, 31,31,30, 28,15,21, 00,00,00 ; PAL_ICON_62
	RGB 31,31,31, 31,31,30, 27,26,21, 00,00,00 ; PAL_ICON_63
	RGB 31,31,31, 31,31,30, 21,14, 7, 00,00,00 ; PAL_ICON_64
	RGB 31,31,31, 31,31,30,  7, 7, 7, 00,00,00 ; PAL_ICON_65
	RGB 31,31,31, 31,31,30, 27,26,24, 00,00,00 ; PAL_ICON_66
	RGB 31,31,31, 31,31,30, 30,26,15, 00,00,00 ; PAL_ICON_67
	RGB 31,31,31, 30,30,28, 17,26,30, 00,00,00 ; PAL_ICON_68
	RGB 31,31,31, 31,31,30, 12,17,26, 00,00,00 ; PAL_ICON_69
	RGB 31,31,31, 31,31,30, 29,28,26, 00,00,00 ; PAL_ICON_70
	RGB 31,31,31, 31,31,30, 17,26,30, 00,00,00 ; PAL_ICON_71
	RGB 31,31,31, 31,31,30, 19,26,16, 00,00,00 ; PAL_ICON_72
	RGB 31,31,31, 31,30,28, 17,23,18, 00,00,00 ; PAL_ICON_73
	RGB 31,31,31, 31,30,28, 18,27,31, 00,00,00 ; PAL_ICON_74
	RGB 31,31,31, 31,31,30,  3,14,14, 00,00,00 ; PAL_ICON_75
	RGB 31,31,31, 22,26,30, 12,17,26, 00,00,00 ; PAL_ICON_76
	RGB 31,31,31, 31,29,16, 31,29,16, 00,00,00 ; PAL_ICON_77
	RGB 31,31,31, 31,30,29, 30,22,17, 00,00,00 ; PAL_ICON_78
